11192
4136
15697
11734
7676
19293
16622
16782
19554
13247
7248
9233
12316
11013
611
29805
1171
30019
1017
10484
11356
23055
15461
22918
25191
24803
11333
32531
2938
11458
13983
19547
15326
15134
29744
1016
17753
2554
20736
28575
24924
26956
10298
23715
19324
31653
21051
16826
24614
10771
22761
29188
5007
3911
10000000
17990
329
11221112
21739
7667
16709
211212
15747
12767
1654
27868
24988
20024
8123
15706
25976
989
22366
14331
3894
16130
27921
20665
10675
27295
32063
23142
1104
289
7919
15608
8182
5471
6378
26148
11607
26575
29216
10286
16502
23546
24904
31487
23913
25133
24519
21368
16989
10610
25555
1286
4828
11710
1496
24950
18507
30316
5402
2827
2999
6378
24477
11470
23761
21427
12610
3366
10806
21885
20018
11944
16116
1203
27775
29488
10570
23333
28937
30001
32432
10751
29599
2889
8471
23031
20071
10777
26994
31691
15488
6227
23413
15595
19429
10516
18077
5234
9877
28789
30832
15451
30449
9821
25606
19186
27493
11161
25288
136
7498
25902
29304
7531
24331
25069
5234
21526
13703
32329
12849
11172
183
31334
11028
26251
6033
13938
28514
16774
23340
2360
19597
7891
1316
25842
20147
29087
13632
15967
23402
32191
594
27158
27069
16288
4703
25626
31602
4225
32256
13742
15247
23263
776
28011
26140
29489
19047
23951
23849
26838
17743
5272
3859
25420
26005
17426
4612
24482
13657
2477
6329
25136
4585
20114
9352
28805
3555
12535
6305
26529
16026
11249
4756
613
30907
29066
11283
9287
16433
11028
2553
15434
28485
5053
23692
21550
22794
8547
13567
8163
27384
12201
21564
8516
4567
24906
22240
13314
26079
11181
25222
5598
25117
16570
14408
16156
11032
19181
20611
7988
10421
12200
25563
4554
30552
19406
1407
8160
29772
24205
12974
24907
26981
5755
31611
4707
7139
29925
10445
12799
17050
31587
937
15265
10064
22448
8628
20973
30567
441
23283
28000
1980
32756
19670
25406
4046
17907
3701
22732
8227
24889
31257
30400
22503
26700
12286
28918
7639
24588
13911
13924
24669
2882
23187
23888
8444
22652
14303
8128
20207
25113
1772
31795
13581
13472
6898
20110
32496
20310
12277
30041
6486
4879
28231
22315
29127
4932
18254
23651
22905
32102
3975
12569
3952
2674
31179
25429
13801
11974
22481
12670
14073
31795
17397
7445
23666
27219
6199
5539
7942
31004
22151
20463
28847
25014
26176
7541
1614
18826
19186
22548
25746
11164
14436
13831
13339
27674
10201
6678
8415
18997
21139
13325
18637
9263
13718
1390
32177
16821
686
7779
24152
6256
8883
9974
2804
16087
11532
2180
30913
327
30834
19311
10473
19797
10486
32020
18086
26467
24390
12797
28838
7793
27948
30807
12723
29238
13143
20134
27795
24431
3166
29367
16173
18040
26882
7382
8430
8217
436
31554
16491
29858
16727
478
25672
18746
19782
25129
21336
30580
20121
16240
2053
8995
24740
29507
13043
17008
18625
30245
20704
27689
23376
16519
22479
24668
12795
14328
16229
32549
5951
31894
26771
8644
19239
10952
10357
2546
1371
25903
31354
23414
22618
15065
7622
21491
23044
15800
8660
13572
13659
23891
9824
5258
2442
22972
21124
1861
14887
25282
18209
22946
5301
14183
4224
19156
28525
22933
23353
32294
9534
10764
28756
5776
4882
159
15535
12424
31315
5280
26527
11802
27821
18841
15578
2363
9494
13372
28053
8283
29196
27549
27881
12601
5406
31391
27515
30203
15278
1452
13916
6270
29941
30890
32046
28651
18760
20778
17289
15499
22169
22754
413
21980
5696
25693
14360
32484
12284
27121
31562
21701
32308
1266
14726
2962
10115
14629
16588
28001
29044
2679
18342
20385
12426
15599
32080
29358
31108
20706
25883
32675
30686
3942
275
6256
3483
15112
4064
11820
8258
14530
25066
4524
14119
17703
2497
29268
20203
2529
27579
16173
1606
10077
28895
7736
2052
1733
24833
28162
22094
2095
10287
1401
23339
24852
2892
9726
25159
16131
4091
21435
24562
662
7103
2103
10603
9894
3680
29479
607
10171
23440
15752
9133
32710
26574
746
8044
2579
11403
29967
17967
25465
26507
23988
29063
6868
22927
29359
22474
17845
22577
12346
19731
19799
14095
11663
5514
2005
19499
8117
11494
29083
5010
32409
10032
6938
13884
96
3785
7873
30772
24316
25518
13096
20984
7165
8187
11662
14627
13994
26030
2181
23625
2129
14766
17132
22051
15067
28684
11038
7148
3491
11656
27241
11018
23689
8791
25794
14833
7490
25123
16566
28741
18162
32084
11172
27198
22524
16270
11818
2897
28184
14202
9437
25613
9383
27594
12605
12099
11588
24951
14056
10857
22172
22349
14605
19776
30079
23210
11300
9397
25655
6531
4060
21765
3096
5543
25941
1829
11608
7496
21904
17761
22817
11447
7204
2883
20965
7535
2610
3254
17906
18005
13722
30827
6214
28990
10351
14716
11172
18866
9385
31824
25575
10480
20506
31422
20887
25393
23716
21365
15290
31281
168
28827
31724
22764
21441
16820
24754
31909
25523
19654
2572
12077
5534
23226
29769
13922
10104
17158
9503
7414
26041
6793
12027
30834
26968
18870
32406
20602
29175
19957
9929
2898
12379
10822
7842
929
5406
19240
9655
11125
30632
25017
17082
24712
10587
31262
4174
21954
18702
20773
19481
13822
27325
11561
23579
25617
26494
15927
15934
31752
27063
18798
5678
31154
2447
9132
19818
10335
3490
16231
31132
16358
9209
20952
32038
21229
10041
21343
5629
29284
17434
24355
20154
10835
4891
13817
1518
15318
31349
26759
32694
14437
27725
27817
13712
25177
21805
8723
22637
30380
20149
2616
14600
17409
27278
14187
2677
13028
10656
14148
13053
9042
29573
31814
7977
17276
8765
2750
19229
17352
30243
27886
30247
3097
1567
12907
13464
22096
30
32452
21459
21011
19903
27492
17571
13773
29007
16570
32722
24821
12024
19095
6391
29588
22069
19415
29583
32513
16265
21827
20047
13295
21105
950
6329
12714
10135
27007
18158
23198
6984
9991
6083
21017
25640
30388
278
1874
549
12300
13923
29097
6569
1566
32146
25136
3860
1309
17939
3691
30313
4943
13869
14420
11079
31013
8851
6050
9500
13484
9273
26699
23445
7204
16485
16968
20313
5101
22281
7832
2806
23467
19280
11655
12315
13986
6775
25136
25865
29538
21726
22337
13892
5801
11615
28926
16526
11653
4830
24713
14101
2745
2081
27744
6636
29538
11746
8743
12472
32474
13091
21928
7596
11741
8130
4376
7351
31978
11597
23195
17147
30188
8727
29451
21122
1306
25228
29173
30252
5404
11457
25317
31212
13935
12880
18404
21300
22026
1122
9534
3502
18242
1549
31369
28717
9451
22753
19682
28131
19904
30653
9850
14292
5
29671
12114
650
22634
2140
17218
21515
14387
30565
10560
28168
22166
26219
20447
10327
356
11276
13078
20388
20716
17519
20291
23651
21277
24532
17775
5640
29162
16239
5332
30331
6387
21622
3484
25030
24161
21881
24812
1553
13073
15858
29217
30673
24054
27677
19802
24124
18104
20745
26422
17408
21409
26351
2527
24628
24250
25028
4935
27535
1585
19978
26801
21976
23550
4587
17268
28573
14534
1160
15099
23592
13824
3983
12305
24495
4950
3851
32091
24011
2894
25473
4390
7211
23337
27192
21604
7562
524
20440
752
10462
31581
28983
22810
20691
30832
15983
14943
3959
23907
21556
13688
18999
1350
16228
2455
21002
4479
7904
4333
13292
18541
6043
13423
28046
18252
20208
19674
23116
2905
24377
5364
27743
5686
31389
4373
1620
12687
12329
4071
2236
5630
1826
10346
26662
31020
25754
22843
24394
18234
28482
11541
4487
2911
25983
2200
12688
19410
6592
1353
98
23786
2318
32219
14457
28547
16357
12205
14659
24229
322
5523
1749
96
25597
24537
29149
32250
23129
11653
31703
30541
22490
27357
19332
30058
2390
31017
17816
28802
21327
954
7603
27911
2688
9771
29587
29710
6838
18407
20616
27384
4065
20715
6440
3665
13675
7118
18243
5112
16328
18686
26
14464
13391
22348
23243
15319
840
9643
27408
4389
2118
16948
25641
17911
25783
10862
26647
25757
26809
24781
22283
21968
32303
31608
13086
1433
18964
4175
27714
20334
30736
8749
10361
30109
25673
29546
23621
10222
6012
24997
18271
23939
18764
11968
10667
1540
23770
23339
17516
22009
2965
30054
31669
12919
12884
705
11296
32767
29858
25959
2241
22691
10840
25498
5469
28010
19314
13376
4312
5878
19995
13471
25581
22884
11018
11109
26658
24436
31761
15595
6906
12522
26867
29882
4460
10292
22135
2127
16276
27468
3002
14107
26793
27616
16841
27598
19247
12977
20847
725
23917
31289
29516
23073
11810
23696
17959
3627
15732
6288
3974
2101
25129
12856
27259
16850
3865
29262
22720
25000
3299
2376
27142
5493
31712
22893
28043
19792
12885
11320
25067
15410
19181
22269
5944
16820
30566
4814
14156
8474
27530
2976
10334
10641
29793
27306
32212
13237
4005
24590
27480
6230
6006
28603
28206
1148
22095
1426
8389
20136
5945
5320
27788
12637
1598
18059
3590
3807
29985
31720
7969
8763
22604
9964
7108
16775
4106
16137
5287
5483
20982
21692
1127
27105
18100
2157
31450
31800
12254
26775
4768
27231
10817
31528
25850
10080
24650
30251
28639
6443
16571
27556
8781
17301
3490
27835
734
9376
22412
26653
9371
9725
14582
18336
24084
18383
26116
4390
30385
26802
25718
3779
15939
20220
32727
16930
17118
22339
19959
10020
6379
27679
22428
2507
27001
11056
14709
29527
15060
23395
20815
29358
10073
6258
19339
17409
30344
22442
9424
7085
19547
10737
29693
6239
25302
24327
4194
8316
480
28172
26671
11968
10577
18243
6956
21029
8524
29461
11691
25862
25807
8793
26556
16260
6792
5074
13471
26921
4075
29433
5759
3531
27265
5117
605
14771
899
12553
14410
8447
8615
3269
27609
30277
1338
7711
20692
5241
31343
10571
24622
17
26103
27144
26937
870
32721
13094
17177
27230
12388
10053
12921
8520
17355
28383
22396
15111
26480
3977
14326
8819
9692
18549
14813
31484
21709
6204
8698
29841
10633
20442
27364
5824
26483
22266
2095
18206
23772
1397
27105
3817
8731
13845
21541
25580
20192
30366
24388
30883
6597
30991
13264
22432
5670
10789
22307
20013
1075
4385
7176
27187
26435
23755
2999
3930
22124
16823
23303
26482
15184
3527
16351
12818
29497
5361
15085
14206
1641
23362
10651
25294
27051
8227
13375
18253
32302
11996
27794
5408
17299
6230
12388
16680
28741
14885
9358
25641
25609
14021
23591
5419
10454
17188
32763
17184
30182
28001
2616
20936
26893
16596
27243
32210
27210
27470
9643
19524
28060
18338
18196
2332
1814
29028
13432
6455
1334
17904
15184
9075
1395
30382
27129
21777
14101
4245
2333
17757
16457
7406
18799
15504
31093
16219
31131
25077
29385
29975
22652
5451
30743
22911
22416
30571
1764
5074
25002
26154
27327
21045
31207
28545
29649
30202
18147
32747
31670
21793
24109
20495
11403
13599
25592
21919
15944
25311
21267
15232
7760
3079
283
9515
13639
15740
13039
16723
16164
11048
21860
28616
27015
9467
11834
32411
11340
23855
6479
17027
4192
25553
9747
3711
22739
31613
10556
20157
16943
11113
5819
19131
19465
12964
14318
21164
16597
16544
4631
23581
28671
5871
4365
20952
20023
30794
18993
6920
28684
2263
27556
7583
4796
940
11191
16373
10058
27023
19619
11697
5074
3327
2171
25581
7962
8057
31070
18581
14953
9204
20977
20752
7580
27310
31244
31779
26998
31274
25524
8978
17464
2425
11338
26120
9329
28602
24065
14264
15896
11485
26006
19525
17880
28588
4155
28511
32427
15627
9684
1456
17834
7294
29541
15734
4132
28141
22987
12913
4077
19620
13483
2303
29176
9118
11689
17542
27432
22275
20442
23826
1892
9967
28539
22591
28394
12149
14819
26970
5605
10724
438
23747
2625
21320
7004
21141
21438
7220
23985
3209
6723
1471
6910
21272
1654
20429
9769
13792
4233
23696
14376
11081
12630
27982
18875
21352
10671
7268
13659
25124
21487
14475
13677
29847
13269
25946
4796
21943
14483
9484
5926
30261
25889
12164
6294
7077
21207
14990
12338
2784
16955
5992
29141
12710
11800
18817
14271
5000
5328
31360
22155
32261
27634
28552
19810
18420
29199
25530
18031
8226
21194
27644
31634
12091
20783
18425
21337
4334
27718
17513
18988
26700
12775
4755
31687
4977
13263
14608
24814
16999
21236
465
5467
30023
21782
2404
14844
9633
30871
21362
18267
7966
31372
2189
25694
19300
17172
16680
5424
30010
11241
487
22143
18157
5428
19738
30952
2034
15526
28036
20655
24012
2756
24160
3508
5169
19074
29862
20386
12392
32532
11658
19050
21493
19457
17989
3824
12920
9081
281
19459
7891
12008
15247
7059
29579
9675
14852
12318
23153
1731
19555
30316
14209
26343
12340
32636
15114
19295
21462
18110
24335
16687
24328
10371
21485
10064
9391
7345
8255
24325
25043
2491
30719
22124
28138
17360
3822
8531
16473
3155
27189
5198
28472
9612
30028
5638
2901
20125
24091
6868
32124
15287
31839
32399
18678
24205
18512
12450
22352
4873
9345
26209
12638
1086
32519
18333
18814
23967
3549
18805
15137
7278
10887
11120
9096
5495
4342
19145
30668
765
1452
16394
31777
12021
10016
31452
16475
3442
28260
20510
17842
23393
8965
11828
12738
5494
17971
27554
13014
23398
14625
25561
31077
4951
8879
22096
27357
24980
22599
15319
29088
18566
19972
1577
3660
1248
21018
32192
3648
31257
6002
12781
2908
17183
21396
12071
6407
15178
29642
28580
17015
5006
11650
14886
15917
18422
28149
25368
31422
2381
27910
9177
26841
28446
26477
31832
9862
1504
17428
21217
28588
3434
10433
17974
30678
31661
16886
26082
4406
6049
16918
17610
17643
16512
23496
6661
16511
13619
15264
25581
15540
28681
17661
16758
16768
27311
5677
30143
27478
24157
6104
18919
5543
21581
7067
16674
3753
6769
19955
21260
14423
28773
32605
8253
15033
163
2235
21789
11109
31222
20218
12025
20038
23857
10738
22359
21404
21280
12941
2439
14148
7871
15404
13947
9530
32682
32070
6873
1884
6357
11090
31565
8304
12157
3560
31524
22633
22110
19747
16663
7654
22823
32585
24164
252
31787
14766
11300
27445
25689
10453
4824
6360
15214
29657
28741
14187
25705
28427
3970
19831
21567
25053
26447
20363
25297
25599
4776
1667
10267
5575
14234
11018
14766
14294
20566
23134
23648
26105
2692
18516
32322
31053
12505
21147
3282
21927
21228
22852
31602
9778
8005
130
3609
19802
9143
16303
15433
3049
26609
24976
16449
9072
5711
23002
9843
30697
9974
5109
28984
29850
16671
7935
9411
14397
18099
23316
20307
19549
15897
3021
25005
27651
3659
29702
27594
7570
16688
24293
4557
9200
16422
14872
19768
2790
16093
9565
20062
21194
18540
6984
4636
32603
8862
5953
32708
3564
31629
23756
9050
5829
5491
17421
22531
7622
25788
12171
30394
22093
21600
3892
23877
24154
9327
5281
24935
13553
5870
31900
1112
28608
24289
4575
31346
29698
1449
19743
23341
13987
122323223
14992
13897
3405
18341
16547
27404
17242
11458
28352
28311
7249
20307
30191
9892
15513
368
25077
10677
29496
24153
2087
17053
16199
2580
22653
19779
18851
5208
17639
20643
9958
682
13028
31253
30102
17862
11088
24018
11420
7744
15485
8372
11767
13419
17030
28477
29105
26490
2528
26075
23826
6117
50
20074
6677
28943
26471
22267
792
30245
16129
9684
30423
22089
22448
28344
10395
19440
17699
28008
16559
2952
8734
26985
24852
1375
23245
9992
25205
32448
29016
27036
23901
18015
28855
27403
21416
2038
456
27791
3640
817
22174
17594
745
10696
24604
3768
22214
26858
451
24277
20605
8674
14281
8254
20240
5621
25451
12
6350
18825
12676
2430
5762
8845
20317
22406
20202
17940
25031
32648
13930
31043
29287
6494
9986
2414
18258
2207
5246
32638
22746
27425
20716
8854
22951
20668
30035
3574
1289
8273
17058
24095
10124
19979
3815
14647
5581
18149
4801
14000
1421
13677
11032
27173
32004
967
25355
5508
19575
16116
23082
18034
17933
16213
23270
25323
10207
14954
13637
26921
27726
8672
12763
26312
29849
29643
12533
27431
16815
24624
18967
30993
12097
26566
32681
15261
25884
22525
23277
594
29366
18496
1076
18575
18694
31863
11090
19498
1689
20689
21583
30552
18915
4800
23647
8653
32211
27461
19220
27940
21674
15981
17363
16512
25868
9244
11141
10100
7511
24073
22158
6176
309
28426
21251
25757
25965
14226
8983
23452
7679
15223
31703
23625
21103
29945
23576
24950
27745
22785
4013
18421
21606
28838
29405
21573
28950
11253
2580
15218
7263
20978
16856
13110
796
12762
27391
19812
8937
31147
18207
8838
23094
21990
14663
4037
16027
16020
28396
3082
11627
5511
5414
22627
19084
31202
28189
4008
24966
29916
23229
22878
23769
25536
11442
17371
18324
17208
21648
2475
3363
16332
16465
17971
27497
12198
32261
23956
19215
22936
30405
7123
29211
11616
21993
20278
17604
20778
28795
25073
2180
10326
16619
14081
23920
14204
19203
20057
25029
2477
31774
29756
13251
31484
23445
32746
17854
3133
8059
25982
14450
9229
31114
7959
12183
24851
12380
12598
21685
24965
22751
20071
31802
9197
17411
24100
8394
25901
29877
27382
10454
8128
12817
15325
10864
4164
2515
7410
8541
25397
22287
6987
19308
28668
8483
14367
7943
9512
26345
22314
4104
2555
10801
27731
5838
31016
20334
11405
11663
30939
9647
17915
14319
21498
10961
25431
2258
22698
24563
32404
31343
24598
16939
18114
19623
876
15223
7475
15764
8743
8183
28124
4196
7572
2905
26365
30312
28047
12948
21509
3688
29326
32217
8112
28218
10466
32454
16754
27282
8505
5854
6680
4380
25190
25142
941
2248
6245
14960
6298
19558
13465
26093
30226
29554
25433
18239
32173
32049
31403
8413
23123
20989
17999
16667
19548
28380
21760
10841
245
28504
10998
2938
30918
27019
32175
7320
16850
20602
23791
13301
2206
20644
27910
10037
17557
23258
5713
19659
939
20816
19971
12722
6465
2805
23589
22365
13384
8448
17116
3568
8362
15051
10987
16048
14309
19429
31096
15032
17657
30819
29459
25071
24453
4982
4084
13878
557
27715
25988
12006
24638
23790
18720
24697
16021
20472
4121
19591
21437
12236
4351
28149
29527
29844
18975
21865
2239
17489
20810
27136
9452
22827
28888
8772
9112
8709
5613
18776
11169
20821
29691
9334
3760
20019
392
3228
19480
15280
12850
20609
15105
2664
4592
29390
8133
18523
9626
6283
12442
8952
13484
15319
19826
20347
24647
30429
28447
19833
11128
31491
4539
14265
22717
2148
7751
5958
16581
31105
6034
27842
1656
14131
3676
25597
19511
10469
8380
26055
20069
29951
2239
31746
1830
9637
32338
15355
16230
1442
28770
11002
12574
18847
22849
20759
7890
22937
12876
28240
1119
20114
19147
1497
17651
30854
1560
13235
31325
160
17668
128
18823
31662
32374
10134
24640
211
19285
850
63
6267
27048
5038
15205
6036
31484
21270
17731
15100
518
19832
32220
5941
25482
11675
6572
12384
28284
13489
2793
20073
12132
20527
4104
24959
4871
16860
2947
2759
7235
3624
2266
7505
12603
9408
4824
11083
17332
30559
16151
29556
22719
29415
4806
17108
13209
3760
9386
7851
10191
26144
8291
19111
22181
4220
3825
32601
23481
11005
2166
25834
11492
18727
13117
9738
12641
16214
13308
12074
21553
31642
29526
28139
5565
24772
23716
9430
24766
22465
31221
10061
9818
2855
4435
4545
1423
270
10057
21030
469
1825
2722
5284
3327
9461
19826
26768
26723
2201
20315
12698
8506
8558
15625
14664
11338
23864
10495
29859
25794
15222
8598
21040
29285
10991
26690
9249
23274
25998
11800
31437
17059
15983
31117
862
8286
5690
6529
16073
26761
27056
18812
9476
29593
11907
27447
2163
9132
29291
31070
19875
3436
28790
6036
19258
10295
4256
25528
26158
18814
1443
27750
15926
28523
32016
28865
32382
7879
5535
19824
9887
22554
4035
15079
24526
26644
27778
16616
12883
5931
28292
841
12094
31878
12650
19447
25173
30746
19297
30267
8272
6163
11510
7996
1353
28021
13100
16326
14190
5123
8139
4937
16889
29024
27644
28709
7266
28532
10515
29988
12754
13841
25516
12360
31964
10198
15609
8904
2920
9812
11866
18005
32495
24944
11054
30625
23790
13832
5354
27170
17300
24538
13672
2324
22206
673
13185
27069
31014
20096
13789
13044
9687
17316
10250
7652
32229
22822
21964
29710
24154
2862
20660
11917
4723
5214
21492
6814
30221
22126
6770
10079
7258
13843
23323
16599
20184
28198
24442
23607
30852
7682
26761
6495
20811
5934
21959
7588
24001
11836
17034
3025
5909
4848
3479
15723
20293
29605
32496
8506
9614
28653
32749
25348
7975
7800
6542
16540
14382
10807
11536
12316
227
19136
6846
15214
6932
7157
19210
13585
11224
6368
19932
10777
5504
15842
1066
13688
3531
5645
1993
6269
25689
14286
17795
15514
3426
29903
32105
618
17576
16667
7530
498
23722
5508
10789
8232
3611
20802
10748
7601
23442
24284
18026
751
23939
8268
6038
3387
2670
26206
20008
367
20310
30553
12123
1960
3189
26849
5971
29770
18990
20764
30130
8772
14915
4884
30822
17045
22856
19036
22724
17679
17496
6647
32475
15962
5894
25205
28418
28477
26006
9055
13748
20761
10094
3029
17822
19382
9671
32374
31733
30786
17064
3200
16141
5527
11285
11320
27432
4541
20356
11917
396
19632
8592
14328
19928
30819
3569
16550
30103
14852
9132
24537
9750
28802
20871
26252
21619
17485
18112
3414
17399
25693
19454
14736
18085
5237
10376
7610
27667
28841
26549
14619
4729
2590
4772
31400
3592
16657
12844
2855
23165
26
11542
660
2805
15538
22154
3268
27651
24820
16584
16712
3072
672
10265
12948
7586
2917
2564
30817
26832
13920
15556
14671
15797
1760
6906
30671
7700
7276
6048
9792
4315
2055
20030
18008
21498
1714
25440
6086
24693
17715
18759
6677
29880
4373
15583
26068
6444
6896
3825
8436
21255
11754
3482
4721
31080
126
8700
6453
24739
636
30259
2617
20441
19537
14218
14829
29901
5001
18671
13530
18930
18578
31141
27525
8905
16835
5177
21911
21097
6044
22967
20540
8287
5712
15645
15305
32697
26752
29456
7329
15454
24394
10702
17241
4769
31618
32100
16410
25877
7231
31777
9543
1186
30362
20298
23904
16088
15026
23567
6183
9860
2548
28862
4865
19073
8857
21047
16542
20177
25711
15776
5084
7148
4829
12890
29161
6232
30753
6195
4008
8314
19933
5597
15959
12460
3794
11167
27502
30096
5611
26186
22474
13987
11901
15983
18954
20245
31181
30671
16442
10456
19923
5395
25775
28151
28989
13245
18993
25641
22711
25695
13152
9894
18794
21258
26960
12857
1218
21514
25975
30614
24949
10448
21193
26607
30145
4400
10785
12226
14069
31949
28131
5109
12850
28881
18655
9508
17011
30177
5241
15674
26571
8784
2567
31550
9198
5266
9083
12656
32755
29172
28482
31125
8024
15755
23404
25487
1095
7018
15372
29232
26903
21528
4322
23120
21270
11330
20023
14365
17030
25772
11529
11955
9189
30317
18024
9709
26226
24412
32288
6778
23532
4806
152
13363
17821
25186
22522
5803
12951
29574
23700
8200
4926
5274
1151
2578
9734
1742
22142
8586
8574
4104
1064
1981
16270
26912
28490
12889
3580
23632
7815
7550
10293
10214
25921
25624
15947
31036
17085
12909
3386
5098
15489
18162
11375
31034
14337
30051
21643
9181
6011
24594
868
11228
7712
23424
8524
26321
24436
12330
2967
22614
15863
11941
10327
1726
15621
18925
26474
2051
10747
11259
21687
23296
24731
30869
8116
24800
11954
12906
15404
2775
6903
30302
63
4112
4919
291
25514
16358
17839
13065
17480
17494
10682
1559
21465
26804
31660
10842
4867
14494
12285
15485
32150
2863
8618
19098
19476
20084
32728
6992
28273
10020
16058
27414
9239
14475
4022
5070
21805
10440
9411
21150
4377
13624
17174
8187
22083
27442
26877
19974
1820
22773
2827
24860
12384
19166
11381
22184
1176
26847
22204
20028
12514
18476
13452
18657
28404
17719
21477
29355
30815
14815
21368
10896
16145
25572
32596
15481
3870
3999
8385
410
32192
23280
1388
23295
18844
9335
453
14952
4166
31495
29350
11607
32008
8535
565
7783
21727
31227
13323
16607
967
28563
31894
23175
3896
11587
26555
24507
4593
15203
4800
5565
9460
21623
32106
12112
22994
1633
30306
6018
10792
29653
9949
24265
106
18958
380
32337
15839
16063
6257
26005
25069
10829
7908
1581
13975
4667
6549
20966
9796
14310
706
24344
7874
32626
25931
10036
9610
17156
13076
5021
326
26161
23211
19641
7312
15799
24619
32583
1533
8043
32096
3059
12634
11891
3371
21799
24117
14261
17960
7973
18336
12943
2191
13907
305
14793
17240
20437
9549
4296
13475
22625
14502
2308
2390
9551
26371
23484
8200
15344
32064
19432
29470
8993
17557
9327
28211
29472
8987
26266
12990
6046
9611
15560
4078
30741
22089
1380
12761
31323
1442
2581
19414
4984
26450
14132
16935
23221
10570
26499
5852
21237
26544
6172
7667
24136
8742
6311
15556
4030
5711
3024
14493
20345
9103
19449
22697
1286
7187
2091
24342
15342
10002
11603
7542
30343
6226
28587
10342
8976
24813
2166
28270
26365
32085
31728
13865
13456
1174
31621
18342
24233
15579
14401
17677
7903
22836
14728
30342
16847
17558
3079
3414
28084
7716
23786
8779
14137
19116
21839
29531
30859
16245
18939
9352
7857
27192
4940
2055
24864
23148
8559
12704
6026
4038
8403
22872
8696
4609
17118
20814
5912
13787
32478
4835
11480
13152
24386
10013
3891
29034
12042
28238
6475
10857
7036
2800
9401
20064
7705
29652
25377
17968
17103
29052
30217
31769
7792
2757
14571
19838
2403
9416
29064
18920
29338
23043
23168
25422
24259
19636
15392
29588
26563
30854
1915
15185
20576
18287
10172
15829
61
28121
32186
7787
31756
20992
14797
25307
11775
667
2017
16179
4735
190
16840
20167
7457
24831
7125
24183
27094
2008
32678
11312
3682
1356
2369
16310
8207
21453
23139
16544
16802
32350
14356
28068
19854
29173
9855
6420
28776
32291
30465
20137
18331
18678
31872
1664
22621
14879
23038
2402
29409
8528
8045
27208
21966
7144
10437
14622
9713
32210
29525
21192
3630
16810
23894
29283
7101
17442
966
26573
10899
20133
12916
5991
30237
13626
6743
10009
8756
2986
16931
31895
20558
13797
25886
28899
5361
22434
13360
23828
24942
26438
11578
25685
13771
26631
31913
7984
12033
3921
7499
3085
17768
22888
10849
26869
20335
20816
6133
23196
7312
4074
17774
1183
15491
13919
7777
30474
18098
26561
15786
5405
13806
1520
18108
22864
11360
13755
26933
6804
13250
28232
17078
14044
19919
6070
4849
18140
26871
32000
30211
16144
3416
5413
6405
8705
21994
26502
7389
10180
2553
3983
7002
32451
27353
9113
641
2496
2517
783
14881
16150
14952
20432
18350
3394
29872
5845
25675
26787
15391
27668
14633
26238
24180
32164
13840
2373
7913
25121
13883
8729
8622
9810
26473
27533
11159
24073
10033
16813
2578
15435
19094
6975
14171
30385
987
10312
3827
30734
23193
14802
9806
9810
27150
22253
7627
16303
22968
8948
32234
4858
17442
30993
29882
5971
32767
24835
1936
9992
32629
16671
3326
25015
14779
29077
771
31155
21222
5365
5504
28841
30208
23026
26859
1924
5467
2661
32071
25997
1316
2965
15700
15063
9275
13237
3587
25050
1858
6318
29228
17502
23029
15391
5763
1947
27321
14498
22985
17310
5239
21586
9535
18926
31402
7306
10592
16240
19383
28399
21199
3464
32126
5040
2959
28289
14382
19724
7282
6447
25437
21
17108
20434
2392
23220
20104
22078
1207
6894
23571
4921
11317
23397
32536
24869
28863
2338
28948
20959
8651
26257
6220
27110
19435
16333
31491
5824
26018
13342
29423
25753
15990
14529
13550
14126
25670
14567
246
2537
29406
30463
3658
31565
457
4920
2036
10133
9318
23362
11631
5784
12351
18261
27556
16624
15765
18549
536
28763
5696
19444
2147
32609
1718
6200
26596
15416
17769
26303
7603
29412
25686
24415
22743
25250
218
22739
18617
8839
9672
627
12249
14693
5050
23363
3776
27886
25508
6703
31542
3100
14255
27541
30644
14544
28228
10244
24348
29881
2918
26692
14504
30071
19526
6806
2080
1024
6417
32060
28241
27459
18701
8764
11706
14860
27876
24674
26504
23592
4928
21892
9413
20169
15255
24073
32716
29740
27465
9644
512
19064
6376
13694
2493
2538
25046
9002
19599
28207
15894
17789
18850
12049
9820
4646
16506
27734
24678
2234
32740
4325
25999
20219
8493
28971
6050
25177
913
10429
14316
697
7158
31551
21653
14966
27867
15492
8240
10149
14987
1014
26512
27294
20374
12089
6621
23992
25985
30731
5864
31315
1469
8559
14268
3868
30422
10
17782
11148
2541
25037
21078
25778
23656
6356
10517
22323
25064
11662
18041
2703
19067
31775
4392
6565
6420
16642
17338
17530
32312
22771
15633
20278
19193
14348
10989
21103
4136
23598
17083
24746
15815
16034
31918
9503
22205
2304
1297
24509
3277
4432
22492
25198
22729
24944
14981
29596
25347
19894
2072
14836
20485
24277
906
5482
17794
4869
9291
2429
15244
14942
4378
7356
28166
29317
15645
20873
605
1419
23345
7197
13683
12306
7039
31180
9692
4786
26448
3466
3661
21147
3874
26031
1105
11643
7930
20215
3902
1186
19709
22733
11112
9060
13882
28361
3476
17598
24011
11127
15024
7229
8732
18522
18369
26140
7306
20272
22044
17068
7984
28792
8153
24825
17661
9010
10373
15531
18442
29158
26135
29482
4651
6375
30245
29702
15301
23001
13144
4245
27871
10353
16158
11998
21627
5244
21406
9141
10790
5411
29169
30760
28110
6509
16527
7706
22996
517
11783
22574
15202
26686
11252
22759
9471
22100
5676
23821
12128
21749
6714
17746
15489
29183
13071
29493
28917
9356
3316
27943
22395
12844
26051
3564
25297
31089
15703
17221
16845
17841
27201
8140
14761
4103
26300
17439
31391
20891
27108
25408
8885
19235
8482
26172
25307
26026
7659
29451
31283
4240
19370
23224
31664
16595
506
12994
4578
30092
1817
7617
13584
26045
5785
1868
1928
15177
16473
22299
19507
32580
13236
24425
11116
7021
19192
2716
14866
5369
27418
3112
30428
25747
2984
6321
12781
4000
31486
26992
4777
26311
12989
3799
12230
3505
20601
22136
28070
12301
1714
18467
5860
2008
6662
32334
25389
6363
16036
23994
24657
17781
27140
28756
29081
8346
27862
26458
22876
8476
26936
2238
205
6697
31019
3023
29207
7446
6472
10518
14508
10330
11183
24958
7129
18398
10049
16569
26527
2676
18191
7902
14270
28836
19985
9559
30994
14511
13084
6906
5410
11214
18702
15222
31735
20667
14156
7665
42
10098
22126
28399
14657
21049
17720
374
24636
20446
18892
31600
23146
11072
21279
8528
26241
17424
11946
1272
8174
5337
18018
7130
19562
6718
31465
94
10190
16260
28166
25220
8744
29776
20819
27595
17422
20401
3381
6737
11570
25696
21521
22331
24887
10823
30141
19543
22211
8513
1845
15616
31958
4385
12944
26179
10842
2805
17202
10816
11259
3980
16962
2770
25656
32565
14175
14194
12730
14026
24974
12888
4069
32237
31863
20708
9646
10898
26066
6973
13996
7614
14108
20280
10865
32141
10126
2683
7706
20602
19023
24546
13349
24027
31977
23585
5763
30635
6650
15787
24302
4492
17452
25555
22909
18700
23910
14641
21878
17192
32324
7496
30819
783
453
4453
18280
7720
31044
11466
23251
29013
7338
7180
28661
15226
2785
12218
19761
16697
28300
15935
11346
24064
23285
23818
7969
9798
30022
13548
8760
32529
15869
30145
21009
20156
3738
11602
30306
10999
8090
1402
22445
10255
10921
11656
4882
11632
32020
29413
24681
29544
3709
19703
32397
3629
28626
24644
14842
10786
9856
15579
16795
23894
18403
23536
15837
12877
26881
8390
24072
20484
13945
24786
20431
25391
18614
14109
21798
11461
2152
9962
27731
22974
14133
20889
15944
2076
28843
17355
18224
7464
14202
7623
27976
20734
25312
6940
31216
4939
100
15752
10498
11606
32199
7961
16994
17725
12088
12178
29142
9857
1479
24848
20760
29637
2588
2029
22570
9683
28521
29157
10218
31712
21149
30839
25318
16657
31195
4750
2161
2878
10282
10593
1527
22261
22894
13464
29325
9410
31383
25008
10444
31661
29208
19104
13024
29957
3226
32701
15580
13660
8690
26843
336
30419
1617
16821
25630
2200
7099
13711
12169
26540
6075
24089
10127
21738
20820
10647
26489
3141
11066
27711
15792
337
28227
8418
31186
17669
10264
7375
24837
30911
25136
15093
15500
29320
17663
16967
13976
30361
31594
2917
31072
10783
27263
10616
17523
9020
4451
6749
27725
14926
9611
16903
30761
115
16175
13598
21015
32589
10748
5868
15694
9730
11786
3706
1731
1927
25869
5878
9211
19999
28623
12120
13341
2078
8158
11590
5963
12787
27009
14132
4146
8549
12785
10703
9184
13853
19910
27804
11222
29541
17328
31196
20063
26415
10087
7604
20768
601
8421
12426
31215
17967
29650
20658
29161
27442
6976
24394
24254
25880
19864
17506
9808
26643
31956
15969
4221
21334
9967
16547
15160
9430
2714
9575
5343
23117
5169
14057
20680
25477
5869
21451
2590
2515
9819
12985
2283
28897
9229
2381
23925
5297
21903
6704
17870
26847
5788
28291
4519
32039
31634
15997
30821
19238
30756
19797
5495
4453
24143
15458
32486
24467
18831
6529
10797
14354
19026
11447
4940
27318
26029
18711
23064
3273
15694
9446
18901
12882
29618
31998
32518
19606
8344
1904
8068
20960
27061
31085
22734
4734
5033
9319
6304
24332
7986
28275
13255
25589
18079
10738
28467
24118
28552
4208
8014
3429
25789
25804
20876
1778
27772
153
13379
20142
3815
20677
12478
22665
8372
1400
27533
22432
26151
31039
7966
32375
25149
4970
1170
5250
9771
10675
16073
1259
13574
9504
31679
19087
20420
28202
16412
23882
15715
25630
4358
1140
25448
25540
28730
12971
17035
8511
24155
20179
11185
22836
22409
3676
16666
7470
32310
17603
6108
16193
26677
19548
3472
8430
16916
27726
9803
26951
15532
24543
1744
26195
30966
25330
24323
7604
26145
26573
22689
20615
17889
23072
24111
30348
19209
4931
20016
29831
1628
25536
28315
4582
5536
22033
13452
29091
18677
3755
13370
4716
12901
27963
19753
6658
21436
21295
26273
28639
24218
13176
20574
27419
15046
20366
7049
6032
18117
17845
32743
22077
1708
21632
8529
23784
13618
30611
18788
22791
27401
16812
27001
14817
20591
6117
30935
26097
3328
12851
808
24459
27086
1331
31530
7362
22963
31014
9639
5768
23526
4665
12455
21271
27853
28171
19172
28560
30994
14953
20350
27874
1785
2396
23024
17390
2545
9829
22083
1257
5225
20743
24962
1537
23524
134
3693
25923
17232
5359
25201
25020
24467
6488
7896
20446
10856
31593
10814
11558
22377
23579
11844
5884
32620
24000
15752
10459
5651
4932
5588
1457
23967
29874
21141
4233
19717
31993
9103
6247
7236
21745
23504
31603
27381
12185
27874
1370
13604
15267
8773
3314
2654
20018
12572
5405
15115
10978
28711
29935
28671
3337
19441
19219
24651
22076
19275
16490
6489
1557
14328
24054
3384
24372
16298
31223
23348
23940
8494
83
1706
25023
14819
6715
4122
13877
1904
30988
9342
20681
29110
18547
22234
30268
28932
3029
6165
8878
25738
27374
24839
23393
11537
12728
17107
19905
24553
1934
20855
24481
9762
8593
7329
5320
7167
29771
10949
28076
17575
10386
10860
9085
26142
22447
19919
25957
24948
21184
1188
31503
23356
31067
2104
28774
18496
25460
28094
11935
12915
25217
13030
9849
18983
7643
30898
28611
6016
20072
24710
543
24617
23927
16254
27399
5445
27371
7171
9485
23977
32412
10657
29799
4168
26874
14099
27818
13038
5876
17056
982
20786
23832
10411
22163
16294
32251
8325
442
8016
28635
31621
13591
13662
9603
23131
25454
27413
24175
19617
13243
2571
16945
3763
6078
2198
19219
22977
11191
31364
17406
31266
17263
31244
23962
8171
18551
7429
7863
7617
19892
19030
13292
2539
31772
942
25213
30123
15546
30581
8834
11983
17400
28418
9286
16259
25117
27918
17646
8297
15637
4200
13915
20716
22385
3819
24145
18897
2222
23726
12504
32270
19130
21370
2530
24032
180
28289
18991
4120
6899
28236
15214
21941
15435
30966
32677
19384
17547
2712
4050
32564
25674
18948
3539
1957
7652
5558
28035
7042
22463
23815
14630
21270
25555
6564
29959
3467
8297
32063
26207
11336
5666
10116
16761
6269
14140
30799
788
18171
9233
21020
30985
11850
6368
24767
15917
25333
26832
14421
11641
20009
10802
24698
4200
12926
30727
8124
3233
29461
27842
6992
5334
20707
14927
7940
24812
4684
851
8565
12636
18676
22966
22658
25049
10706
1631
29184
3891
11142
32318
17583
21627
24300
10384
3437
25448
13809
23134
3242
31737
11429
11079
6172
1884
2194
1920
29876
23055
8781
8985
3280
24901
27978
12930
22194
16267
12788
3149
32561
7339
11773
6197
11438
11472
3827
12128
28234
13036
31509
20961
11094
599
7268
21889
9996
17337
25085
29119
27772
297
27557
19733
14024
15766
21414
28541
10644
7014
19162
15924
28089
22110
15109
25790
1593
5314
25447
20266
29048
21437
9106
6551
27305
29442
26746
6391
24454
9140
28619
24851
28228
16004
21887
27600
32710
17689
8111
17840
21009
4788
15529
25499
1792
20
10052
1504
2872
32407
9584
19575
26975
28323
21777
24713
23945
13636
31502
22321
15603
21782
18596
12677
1524
3686
2817
7632
11312
19092
30990
24098
29967
22203
5004
30731
30830
12692
19298
4515
6548
28824
25141
8141
3175
101
14650
18877
15071
17507
584
9656
7868
22951
1842
13083
25460
280
31571
13727
25712
29904
2922
21979
23415
11461
8105
11019
21355
22184
1032
4623
13107
1293
27359
30135
29944
22989
32180
27709
23956
12200
28753
19987
18503
1839
18970
10719
23212
15074
22942
14789
13548
16021
1644
15844
29234
28184
29992
24611
3423
12054
12766
1325
32254
27198
21653
11962
8570
8097
21544
21265
17550
6747
31569
19914
24830
1910
13319
19929
25477
29707
7434
25800
3598
30378
7612
6980
18983
2044
27698
11995
32690
20135
14731
23812
17373
25202
30848
24416
29781
19114
29245
32063
4791
15300
7535
22118
29768
22595
27551
19216
6629
30941
190
9522
17469
16345
2305
26371
6205
31675
8431
25276
26572
7459
952
32668
29369
17395
29640
20528
13297
10160
4508
24017
3830
24363
5332
19822
29068
19296
7050
16780
15798
10654
995
7562
4064
4328
995
3626
13662
24220
29574
31565
26389
22098
32012
18174
7288
30983
10132
32178
2743
22395
28652
23502
9266
25559
25512
19562
11316
1683
29297
17749
13022
31383
27040
9305
3425
13472
19980
29120
7793
23014
2079
11286
758
2556
5680
305
30468
32759
14604
6255
1805
20178
20182
21055
24917
15633
20498
8419
23463
933
8956
24180
327
29712
14622
17446
15655
18889
11041
26317
29789
10978
18148
23712
9429
7144
17355
28733
23619
27403
4442
1262
7004
22142
29698
4139
31046
29217
25658
19552
6989
4190
25554
2288
21719
12880
15748
15225
922
17195
25293
13914
31756
8920
23547
10354
6683
17375
32390
18987
18975
24714
23971
23479
7693
2888
10519
22682
17133
7759
28233
1129
27278
20101
28572
13521
32120
26017
1531
31962
10530
26509
16566
7533
7781
9999
14220
24341
5169
3497
17161
14594
25215
6846
3858
26963
18822
24053
15294
25237
14642
28899
103
12934
11474
13284
1281
17951
28433
21065
26027
11986
23079
20921
5252
19729
26704
12497
3520
1039
10365
22798
4603
23242
27466
26605
23244
11849
15409
4944
32158
22818
31485
11556
28859
29760
10625
2625
26282
5347
16777
20625
29627
11240
10001
28789
12768
27211
2741
19812
22206
20202
20585
22998
28676
16780
20074
10848
14844
24353
30837
17440
17504
23372
19254
10843
22894
6942
3075
28517
23358
27941
12490
19649
2900
677
1096
1674
28786
3621
23164
7697
20143
11053
26972
6088
26061
29519
6598
22623
27080
25700
25785
23852
27051
31768
4293
21456
6311
11433
25536
21784
11622
3819
7355
18209
19357
30096
18996
10944
11233
17830
20622
22560
30139
14433
13502
28333
32766
27163
32582
31793
27480
23193
19303
7997
19240
17040
22162
10443
20623
25191
9249
289
11210
11839
2372
21497
6079
31537
13630
18398
17365
4566
2513
17625
4105
18957
22518
3661
20287
5112
21714
13344
981
4680
23270
7963
19070
10683
19334
15508
26446
10722
9356
3402
10513
29480
7757
7056
5857
15888
26060
7342
7160
26558
18222
16772
9666
26553
23662
31344
26678
21231
5202
12914
15463
4090
9630
17806
19798
8353
17031
13938
1803
9378
8298
26457
31716
31151
10174
23087
13356
7350
24648
15350
7151
12389
28045
16232
781
19694
12173
2782
25486
32007
23470
15728
25141
3125
8695
20318
15704
2635
12926
20911
7663
10285
14116
20759
32490
20954
5503
24606
7880
10666
3352
3199
12133
18644
1495
17358
14355
26930
8891
27486
24045
23625
27854
12130
1640
29572
10841
19794
2091
15808
13908
23953
24097
15885
27680
24652
4300
32691
31609
4517
18908
11124
14502
18705
17920
529
15602
26622
6396
24592
27488
7098
30716
11963
11675
30352
32295
26220
32044
9268
8056
1544
3311
15713
15817
9162
9928
32448
5169
31554
4498
26380
27792
7325
4952
116
21352
8486
25544
22848
15855
2317
8932
28600
22114
9831
10235
5441
25243
14711
15576
3274
30950
8748
6457
26726
30481
19178
12931
27194
28610
12430
13235
27802
525
11180
12696
5487
20294
24346
28480
22748
788
28595
18096
3873
8647
26965
2519
8639
4332
29996
28613
5085
3614
17715
25113
27114
2079
22775
16056
13444
3623
32671
25029
17048
18811
15145
3021
16075
13634
26870
30785
15385
2196
21385
14378
30140
1749
4492
9496
18000
10817
22035
91
6708
23751
5669
4726
24883
13083
10105
24273
17252
24071
15485
16302
7502
17922
24988
32350
1872
1283
24513
15285
27713
12951
10263
15547
29523
13874
11540
28580
16701
5058
19637
15619
21657
26250
12299
31034
394
32302
17398
2613
20643
21002
12081
5464
17668
16072
27022
18869
19910
16946
22659
6787
26266
10564
5350
32203
11180
25734
15861
869
25806
30361
32153
22563
19410
12559
8684
2380
4663
13184
28664
7244
27145
24793
5058
20137
5634
16120
20871
4665
17653
29814
23621
6547
15469
22724
30077
2243
5777
19066
14903
7746
5962
16363
16712
26661
23720
17917
28368
22932
28290
24888
8454
21630
29021
1308
6712
31627
143
5560
19469
24658
29605
10104
26638
25037
4865
28991
22884
20233
32712
9397
3043
8738
21243
8419
9288
26479
14307
13053
3519
9466
1459
22910
169
22067
7273
15738
26267
20453
2293
22064
16298
8296
13469
27360
27878
16409
9120
26332
1060
9735
1817
13280
4353
5359
9767
3750
26403
13419
25163
2486
27074
19046
23313
12924
27751
10451
29939
3228
4340
9118
18298
22410
18149
8931
13990
21077
20437
9567
15248
29123
27972
18212
8270
15523
7063
8336
13079
16991
32352
4479
13479
24529
25056
19648
1509
18007
30155
14278
22724
31018
9546
29344
26727
13547
12358
7212
31880
30079
27108
9863
15386
3613
16460
20423
4909
1957
29103
4845
12307
14644
4744
9493
23489
20213
18722
21232
12663
13114
25178
21108
31140
3531
9126
23762
11268
19837
32342
9385
23819
28679
2074
31865
6790
31762
23749
16730
31616
24975
19792
24046
26466
13389
34
31124
22623
29899
26254
10206
7439
23371
11166
11334
23898
22823
15
9756
26264
17512
26524
14531
758
24981
27520
1053
24604
16329
22070
324
18701
6920
23683
6011
14158
14547
22454
32100
32586
29434
29999
14963
7157
25778
32542
23714
23984
28135
8845
13926
109
212
22177
14562
27923
28112
18716
15963
10788
8555
29735
22765
16285
2233
16719
31100
4637
4078
24013
749
31050
28459
9226
7573
5488
14744
15970
24305
10348
25267
26408
6552
30153
11752
27115
26991
28200
15457
18936
20508
10725
11551
12832
30141
30455
842
4540
25049
32280
18117
2798
16534
17191
4870
5673
2093
1226
2085
32499
4764
16215
21042
7657
32667
22261
15052
29700
29392
11518
30959
2844
582
9384
13070
16298
26908
23269
26466
22482
21114
5511
11905
2977
20681
11688
3122
25235
21796
31049
17024
2648
15113
30777
23309
2775
15445
18489
23209
31604
24943
9309
21283
7566
16835
29621
18271
76
10354
11053
5545
4506
28999
1714
23625
16494
12782
23958
3160
5200
864
5686
7890
24089
32674
31962
8172
26107
18351
476
1191
15041
9651
8973
32421
1624
8057
1108
16955
2959
3367
31640
29385
12571
2089
5088
10566
15838
18027
19385
18719
10857
13771
4825
5954
11199
27598
19201
18293
23387
15761
20520
29677
8309
5123
19413
13084
16002
20562
22477
16330
11514
21667
13294
26471
7261
1286
4955
12960
19576
21673
17625
31792
6117
13132
14969
27129
22737
28404
13432
31827
2817
24036
4963
10148
20247
25801
5502
11313
13074
11573
871
8243
25621
8270
4087
24622
11625
31176
28521
22910
26820
1808
27070
25394
17356
26314
27743
6430
32471
23678
24325
27948
2293
3214
16342
25331
7472
13420
19153
10635
17682
13065
12395
1951
25704
30097
8058
19907
12870
7253
9811
17160
17227
27657
12079
16334
2342
24367
7124
27354
27481
27603
17521
19625
23869
20857
24009
11523
5447
852
2707
28371
18825
696
7201
24117
5500
15826
17985
9425
27900
18071
19041
22632
16532
30202
24054
22444
14076
20322
20510
26965
8160
14427
12931
20849
995
22667
2435
20731
30180
13801
18319
17328
2432
24873
6097
20510
4824
18042
15378
24062
5012
30324
474
18115
31016
31564
4825
29811
4181
3659
9349
25270
20979
16766
19205
13869
27887
29102
29518
24068
12688
5266
18572
29643
16894
14148
2243
19841
11268
16626
3254
30194
20501
19926
1800
32580
14733
13928
16033
25548
19514
5842
18515
26918
27419
27300
957
14724
31847
4297
24432
10054
28369
19386
10321
20171
9227
4593
26687
2695
25737
17057
6133
27990
16519
4772
10289
14096
589
17844
9750
30558
5554
2015
32462
21196
2271
31541
9845
7711
2645
19908
9778
17384
2098
27590
21927
10329
21679
8728
17292
32600
29678
17646
4502
18642
30451
11974
18334
26450
2032
11162
25087
1234
3013
9306
8000
14801
31943
7833
20723
10917
25280
25735
13276
3859
3128
26911
4950
22557
27891
15521
15347
26651
17851
9539
355
4365
31072
12323
23447
19760
13052
20097
24357
26063
16763
21291
5359
31836
19547
25656
29952
10687
17841
13561
2230
10222
15725
7213
30758
14782
31198
23156
1724
17657
31097
9479
17186
21168
16854
18597
28259
27090
8187
30929
24145
30718
15837
7994
24356
15510
12580
16251
22627
27157
26415
17156
14600
29090
4696
16728
28383
11493
31865
6266
27951
23065
25263
27041
1692
7778
15965
20019
7756
609
8052
22769
29769
7430
31730
14191
4390
24742
6313
1992
5350
15950
28482
13967
27929
4950
13697
30985
13896
5433
27083
14233
19603
12196
2277
31867
20377
2252
20734
15029
7576
8197
13808
331
2517
14993
27331
28339
21055
4789
9330
30856
6223
32018
31218
23427
24882
30771
1393
18342
24874
23139
10972
7354
5682
4545
10147
19196
30177
10902
20416
11284
12944
4069
7158
26694
23487
14916
27990
15340
23989
16619
10760
12580
9319
267
5960
8646
26011
20321
5295
5529
22093
26634
7348
20678
20306
4249
11890
9868
9531
8295
1196
25654
14204
25386
15886
26698
31438
2505
23221
14852
721
7535
13042
13570
20214
10463
19275
7489
24220
3079
10691
12104
20601
11735
4188
163
4412
83
16601
17555
23920
2791
11720
18692
6820
28411
15552
16319
19401
6856
32232
10209
9435
7786
31928
27532
452
22326
3588
1500
17533
25933
16182
17693
24182
8049
19163
32059
2360
31000
13921
15993
29257
3775
32030
25702
24143
19585
27797
4366
1913
25320
5621
26733
15131
32259
30947
8233
31384
29369
19321
14208
9093
22108
911
27518
25355
13442
1337
15220
30861
22288
6800
4519
2955
21655
6326
25669
6343
22756
22036
25245
15014
23506
21990
654
20696
14947
19706
576
19259
26127
25524
12819
7165
7772
22870
6869
5378
26799
27774
21560
13445
14946
11505
8067
9473
2326
6806
6791
29778
13643
13766
7893
17943
814
25795
8494
1372
5553
21125
9531
22902
8161
10941
6526
25133
16501
22292
12169
32545
15266
8627
1134
9830
1847
24841
11638
3698
23781
4296
32022
12089
18142
31793
5150
24214
23203
23954
4916
3053
5654
5901
129
24335
4823
26778
13738
15965
973
18255
27138
49
12547
14816
11518
19321
26038
24162
25833
27557
1196
32084
9688
7108
14023
19935
29921
3305
26585
20317
19336
11220
1466
23577
28538
27086
13720
22869
29310
3285
29583
10386
28328
19193
20601
15883
21199
13574
16904
131
21314
13411
14610
22080
21175
8250
29227
856
22404
11737
13433
15659
24850
16473
29380
5937
12686
23421
717
11510
24545
15836
24289
11618
17891
26179
9645
11070
7883
2133
19540
22260
27115
13428
14015
1430
26010
14053
10805
10530
13937
29230
20011
7685
3770
14531
12125
29149
27173
27106
31005
1923
12733
21948
22763
15433
23579
11477
16455
29312
24025
32429
30915
9534
32330
2976
15964
26974
25704
28171
21514
32711
28686
24240
18070
23794
13160
6236
20908
18854
8359
7879
6961
262
16377
27835
14550
28622
440
19832
13294
30938
225
25944
32637
25320
18889
11695
5265
21406
30987
26613
10453
31695
18117
19495
13155
22778
20996
30314
13274
12307
16508
22514
28592
9606
1661
12066
6602
5754
27426
19188
6218
5970
7372
7580
23721
15226
27086
25192
517
2656
29034
23275
9660
17856
24829
26458
11833
25893
4470
32310
29710
27309
6412
18219
323
29964
9521
23865
23278
13011
12481
31761
2308
6899
27264
7362
20591
3708
24515
17812
21345
18347
16237
4404
3047
14884
18717
12562
21697
18556
15526
28424
29809
29434
24000
29244
24210
25503
24573
19271
8043
31587
20222
2967
9668
17602
18150
27665
24312
28535
4367
18171
22860
14728
30972
26906
24703
27010
28047
32279
18595
15878
17020
7208
23339
30340
9726
13036
6724
22855
7881
24982
20073
23218
9791
30797
4657
18889
13030
10451
20588
9715
18202
10853
26735
509
22527
21731
27820
6243
8378
30513
12166
29899
13793
27869
4707
22227
27951
14082
19202
12812
28029
7276
4879
28486
31469
5372
30196
21263
21353
1102
12531
11638
12108
1946
22897
14101
14942
23256
15765
16206
6406
6440
13074
4052
19899
23664
18497
10605
4796
71
2931
15863
31745
3090
23685
2985
30065
2156
31925
32156
29013
17356
20659
13706
23309
19041
2300
25301
8705
5441
9315
2763
28891
13507
240
9768
25844
31273
28398
14300
23051
25731
31296
16655
7741
21712
24052
13923
8753
19813
22043
23161
31124
16531
17367
8630
16325
12932
22453
839
13521
12902
13885
23394
9889
28363
19144
17103
31346
26960
15506
32680
27270
3453
14864
29533
19481
12013
3716
10746
29079
12975
13774
28333
32012
26603
25221
2435
14044
21449
10822
2674
15540
29838
19532
17820
7360
16393
17985
25810
12575
24877
11092
12887
20372
30975
29068
231
8574
26291
10588
21752
14346
23313
21367
13120
12455
15134
18661
14455
32186
5625
26967
24158
10131
12803
952
4608
6560
30018
11524
32568
20449
11528
31069
13683
30876
30927
19292
2487
24146
23656
11685
23013
11761
15701
27326
5435
27979
20339
22305
11804
13767
13532
399
22804
1879
21771
15784
15639
18346
12097
15545
30985
16802
11304
10453
8836
14600
12982
30247
8661
26239
1109
24198
3911
28598
9281
15178
30117
12258
20017
12638
7674
25708
16441
25495
18587
4582
23535
8004
30567
13636
25293
14087
11598
5449
20950
32739
18192
18495
8316
9365
20807
16875
26306
17192
32680
32192
11934
2244
10630
6483
29857
16327
28567
29455
7129
1046
28411
8490
22775
4534
9594
21719
22701
24982
27406
32190
9562
2223
9377
16809
4073
3407
5143
7296
8182
9906
27023
15479
20275
6867
31206
28294
5131
11905
15997
12058
32645
23477
573
13066
29290
16931
24536
31948
11690
1551
30033
20969
16892
4450
28862
9390
8901
27389
23117
17956
24635
6221
16261
29763
19658
15648
9166
6243
4535
28087
23092
18931
30467
26396
11368
26989
25234
8630
29447
26505
21132
29210
799
3250
22276
11300
5360
21686
20183
31815
2031
12993
27607
27425
10257
20876
16937
16210
22597
9170
26348
12687
17986
22788
25115
9970
2948
2621
30645
26004
24465
13176
3099
30558
16257
19713
10169
12060
11965
6441
24040
979
29959
31294
6931
13909
32187
25786
7705
29970
15444
16827
8435
29233
14897
21939
29847
8160
12698
32609
5148
1768
23038
25344
29470
27524
18814
21950
2916
13427
4016
7535
28096
18508
28060
22659
23095
21778
20235
8757
9058
13832
26882
18182
24852
27590
8585
7530
13886
23181
9392
22209
11791
17112
19156
23688
29791
10291
13343
3537
27981
6736
15694
28912
28711
5208
12727
11640
10635
26239
24202
25190
26828
24027
27479
11419
23703
7798
7120
29072
727
25506
24273
16965
20437
6796
20125
27258
20644
2836
1643
34
19644
732
28961
1813
10981
13983
30047
32005
7511
19909
8895
25011
22815
19508
17499
3938
23748
20072
31888
30604
2603
19398
19970
6101
6072
21293
13792
15165
7350
30159
15210
23449
15609
21567
6320
14148
14273
458
24732
28434
24034
12811
17970
16517
13090
25786
26903
12356
16099
965
19280
14536
20482
10146
21581
20825
14334
30179
1318
24889
16733
19979
16932
29471
25931
14496
21891
15590
1157
19585
3958
20359
10101
32378
10092
837
2462
3862
17042
29735
29755
2740
17305
8875
11299
4061
18361
3257
30448
20437
29942
21206
31584
32112
32162
15770
252
7719
32035
14180
21239
29035
4598
3660
19032
25146
22772
4697
17244
14063
11732
25589
533
29534
21746
1693
19032
8480
29262
3037
11990
29228
29144
27260
23433
29095
17643
22004
24402
14078
6423
10788
14560
20273
27683
16201
10963
20594
8530
14891
6945
19438
31718
11412
441
4587
8931
6662
10855
31763
4629
13485
19960
12815
7252
26259
18078
7256
25351
31507
25494
31050
26343
31888
8199
18555
5638
6759
16686
74
31503
11041
8120
16827
29135
7918
8303
32386
1268
30287
8217
17757
22805
4370
22173
10407
18675
27011
30056
29483
5887
4065
1295
7990
22556
31247
17974
17392
31653
31628
6576
27883
5298
31141
13288
4093
18583
12265
8063
5451
1710
6366
21302
9639
27991
20210
24335
13084
60
31156
29871
28614
5082
6980
20231
9959
4669
21000
15667
11320
32010
25249
21666
21885
20675
7710
3704
12892
11591
30831
21552
30319
26520
25372
16262
18840
26849
16439
4500
29333
32440
399
9531
4052
160
18470
24772
21128
28370
6117
27335
28668
28221
29583
9804
15655
17867
29940
14897
10370
16614
13671
10188
1558
6971
6769
13520
25049
22973
23239
11381
19514
13549
20346
15315
21755
30809
25966
28047
10303
31587
17165
2234
484
5956
30268
22262
27410
15953
16014
5595
30228
6268
18360
6041
27751
18717
26694
22238
8977
16883
14476
506
26932
18277
5598
16705
17635
2574
26116
15536
29236
31097
12008
9428
22679
13353
22162
17128
27238
14557
8022
21566
8893
15634
13388
13536
5515
19656
23041
7542
17897
6025
5996
30826
13995
3752
27428
4683
26933
14535
24784
10607
16017
24219
6878
8413
28350
29940
9336
23145
2634
26615
8115
31777
14883
11182
9226
9448
12714
13764
24844
21601
1801
17545
22865
2575
26054
5948
18866
24506
20377
31626
4281
8980
24443
21586
10839
12956
17152
32171
5077
8643
24038
12840
11277
26701
19438
21851
25562
8443
13546
18327
21197
7015
10008
9978
1058
17711
27566
8619
4082
11861
2486
15713
21674
11494
27420
14373
25787
25562
22534
26200
31891
12604
15459
12791
5325
18315
27591
7966
25764
30303
22390
31179
26798
26191
27327
4325
16839
19475
395
8829
74
22246
11573
23891
12168
24110
15260
7068
13682
4703
13431
15106
23193
13597
16617
13805
3673
7329
12630
25089
15184
1629
5492
30696
16405
31971
6821
18513
24615
21763
9348
16952
16676
1587
21437
11880
18492
25141
28451
17471
27620
28659
25340
31666
19919
28078
19103
16528
12570
15959
14402
27403
8391
17981
12045
8564
23148
31465
883
1862
20780
10822
5569
23910
23783
15622
6903
30633
27054
30784
26584
11159
15226
606
29245
7279
6685
12086
31918
2155
31096
22391
8243
31556
29167
16199
10344
2553
7450
20522
30160
31693
10941
10790
23147
1166
16891
20517
9355
29725
710
29594
19427
32555
15258
9063
29921
1345
10091
25087
15934
30723
18396
26311
3283
18357
12209
3779
18862
30974
20871
16494
18021
18412
9922
18153
15274
31801
17096
26712
5664
21197
9837
15242
1389
8323
26541
216
401
4656
417
591
14966
11746
24748
16145
9671
31077
32502
26104
7942
27148
9499
25469
19929
429
8996
1752
18085
15598
5558
617
6494
14015
2953
19287
17054
9512
7964
7287
13044
4933
22695
8303
24702
31887
27730
1819
5818
11612
10404
2607
30873
3242
10558
9502
26837
13080
8649
1083
19589
29493
21805
28446
23535
14077
3331
12874
30109
22177
9550
19469
10163
19591
101
24743
25471
27282
30516
14766
3922
29859
6564
21680
27278
17504
21336
17691
30721
23092
18586
27994
25201
32662
32661
21313
3960
24207
10692
5035
21651
12918
8618
14689
629
30207
28868
31550
15009
12916
29116
9617
17207
21569
25311
12995
19726
10422
31953
22330
24580
26889
24959
1148
24978
30362
30550
10136
27044
11387
1203
9922
22951
27184
8090
25149
27107
15283
17834
15486
8459
17084
12368
28046
27154
17726
14652
9648
15425
1333
25361
17220
2439
17823
23137
8171
26384
8392
728
14572
9240
5067
25783
14038
17154
25430
3716
6247
2212
15789
16128
1197
5606
15858
27482
2155
16267
13475
30114
17086
6222
22884
10112
17664
24881
18943
17702
10733
21522
31401
19587
10244
31871
31623
13498
9008
4811
14192
16850
424
3425
4085
16559
18452
23641
31390
16193
16625
841
887
5371
13110
1374
22731
20359
27704
22443
17456
22456
8395
19904
13507
25280
27050
13439
16053
931
24345
3883
13319
28907
6088
10946
14993
21150
3835
31629
841
11373
13800
30965
1730
14382
13408
27544
27379
17548
7346
24988
30266
27645
5837
15683
13217
14325
18084
4544
11359
1114
29143
16970
23202
14135
10383
5998
14731
8372
30121
16041
5754
5958
23064
26678
1933
9251
6020
30501
11107
21497
3639
30637
5670
32735
12858
20419
4040
8844
23483
24043
1932
3526
30386
31311
24777
5150
21957
3598
31979
31451
11368
13526
9914
18484
29768
7349
17119
16834
16874
6188
27043
12084
19599
5766
19963
13637
11612
30311
5570
23787
6583
26280
1861
6865
7412
18786
12292
27400
5425
19785
26807
21754
30590
12604
23184
27551
8002
26138
27072
7667
11482
726
10556
27559
14210
16078
15297
21014
22137
26200
17941
1404
17760
32158
22161
19042
10211
1453
26076
861
12444
6088
21753
18168
12084
19202
3204
4591
18892
6156
8504
27038
26011
12107
8629
696
728
29997
29056
16444
4058
6334
21836
7845
30590
30838
5240
24418
28361
18773
21464
2181
17870
13363
3512
3263
16338
23889
19230
12172
13999
2611
592
31147
3446
22962
16022
20945
13912
16973
30017
3486
20423
19136
11244
3792
7384
12504
21506
16567
23788
29317
32641
2537
18063
27953
21245
1590
10656
1872
22759
7390
31923
6200
6671
18178
22963
563
8040
6745
11724
13011
16651
27684
8327
32134
26239
8292
30263
1130
7224
31050
29077
9059
8797
31471
30887
4458
22735
14149
230
11304
11366
5710
1695
8643
27006
28299
5018
27896
6066
440
6394
22378
17127
12726
8292
30265
21901
457
6243
21719
26657
14339
16395
16919
10742
13056
30173
29575
18230
18388
28139
29440
28707
15426
4925
2683
26019
12591
6258
8742
12028
4437
31658
17592
23772
22588
420
15873
32156
17766
27684
1989
9925
20426
28568
30922
14292
28037
11258
27184
14906
971
11512
18177
679
4899
13651
14857
30600
29652
22917
28136
8399
13978
11686
4965
25842
32158
2704
8709
5942
24997
11842
1757
15149
14216
15234
13732
8573
18916
23751
20492
16868
23314
3669
22354
30329
858
21418
7188
31797
16227
23577
24676
23729
17134
23221
24602
9521
25540
5488
13166
3810
12525
28548
16326
31840
2595
29458
10956
28795
19335
7689
964
25147
24978
30282
5917
4642
22861
10506
8261
17584
16581
14711
19906
1581
27577
670
19327
23458
28823
4236
18275
1321
29095
5299
9256
13670
1669
31120
20075
25174
22996
22923
26623
4935
20273
23839
15751
20520
17766
17466
14916
5635
18656
7911
20011
29896
19044
31018
31291
14924
11773
32299
30477
20113
17977
22167
10669
9544
3988
17988
23208
26772
16437
19732
25446
16657
32728
20251
17850
24341
23564
2052
25016
10550
19614
19888
15815
13324
23637
26145
5367
26424
18911
29847
8084
29604
13580
16888
18939
32525
11322
25717
19884
10431
11793
2667
24737
19360
29552
27783
28382
8560
5542
11054
4682
11087
25830
6940
15549
896
757
17739
18522
31852
5670
7702
25119
12522
10376
14238
698
27069
1886
29549
27038
31838
14031
30553
20055
1789
19935
27051
15386
11714
20126
14465
19361
15704
20127
28785
12086
22188
940
26223
17677
2034
2232
14577
9174
30442
28437
27729
21907
97
28648
9842
13479
28922
20953
19878
7984
15150
22287
3791
29847
20114
18267
3781
4454
29784
27315
19192
15705
21785
2019
27991
16311
3026
15231
6000
3554
27180
15132
26840
18477
20992
22719
17613
30959
18458
23190
6938
18902
9277
31462
14395
9085
616
9285
24770
27456
22872
15881
15353
21327
23118
7424
20937
28929
32274
27746
8154
3435
25400
8963
2556
25650
24994
22733
10694
17565
30534
4206
16764
18670
29233
18766
22070
6131
31692
28100
13631
25816
26975
29065
26812
8511
30163
13421
24462
5522
18620
32072
19577
21400
28311
8500
133
14151
9807
11001
17572
27098
10247
5833
30358
6947
18707
30254
27914
25889
8519
4160
26374
3541
5493
21019
2696
6994
27441
9104
13934
28180
18903
29723
11155
21906
19664
5141
20795
21270
2832
11819
6321
32461
14307
29967
17454
17178
16618
22893
5373
25136
3424
23585
9437
31200
17058
20647
28327
31151
12783
9171
18992
16172
21356
31426
24433
19585
29291
15888
21733
19783
28396
25931
15667
23967
14436
5800
2061
18302
26046
28405
31320
10824
3744
1487
29069
16545
18927
533
30303
14464
30101
21149
25246
20868
11138
24357
7771
13708
2032
17804
14413
16258
9452
30530
23923
9335
28434
19197
29691
13045
14232
22189
23907
7312
10126
9651
9182
32191
30819
8013
5881
6122
5548
12629
7038
29124
3105
4908
12952
20955
27112
13553
31801
18286
29719
12022
14521
13694
21876
17780
3520
5159
10879
21629
4709
23601
3762
14387
26263
20707
3847
1336
22972
7191
9659
